% Bus Data
%	Bus_I	Pd	Qd	Bs	Type	Vm	Va	basekV	Vmax	Vmin
bus=[
1	0	        0       	0	1	1	0	32	1.05	0.95
2	0	        0	        0	3	1	0	32	1.05	0.95
3	0	        0	        0	3	1	0	32	1.05	0.95
4	0	        0	        0	3	1	0	32	1.05	0.95
5	0	        0        	0	3	1	0	32	1.05	0.95
6   2           2           0   3	1	0	32	1.05	0.95
7   37          27          0	3	1	0	32	1.05	0.95
8	69          50	        0   3   1	0	32	1.05	0.95
9	28	        20	        0   3   1	0	32	1.05	0.95
10	26	        17          0   3	1	0	32	1.05	0.95
11	133         95          0   3   1	0	32	1.05	0.95
12	225         95          0   3	1	0	32	1.05	0.95
13	7           5           0   3   1   0	32	1.05	0.95
14	36          5           0   3	1	0	32	1.05	0.95
15	0	        0	        0   3	1	0	32	1.05	0.95
16	41          27          0   3	1	0	32	1.05	0.95
17	0           0	        0   3   1	0	32	1.05	0.95
18	78          83	        0	3	1	0	32	1.05	0.95
19	26	        52	        0	3	1	0	32	1.05	0.95
20	61          35          0	3	1	0	32	1.05	0.95
21	78	        78	        0   3	1	0	32	1.05	0.95
22	44   	    61          0   3	1	0	32	1.05	0.95
23	74	        39	        0   3	1	0	32	1.05	0.95
24	26	        52	        0   3	1	0	32	1.05	0.95
25	52	        17	        0   3	1	0	32	1.05	0.95
26  12          61          0   3	1	0	32	1.05	0.95
27  35          43	        0	3	1	0	32	1.05	0.95
28  78          26          0   3	1	0	32	1.05	0.95
29  43          44          0   3	1	0	32	1.05	0.95
30	69	        35	        0   3	1	0	32	1.05	0.95
31	52          69	        0	3 	1	0	32	1.05	0.95
32	78	        35	        0   3	1	0	32	1.05	0.95
33  70	        70	        0   3	1	0	32	1.05	0.95
34  40          94	        0   3	1	0	32	1.05	0.95
35  70	        70	        0   3	1	0	32	1.05	0.95
36  85          50          0   3	1	0	32	1.05	0.95
37  65          38          0   3	1	0	32	1.05	0.95
38	99	        99	        0   3	1	0	32	1.05	0.95
39	24          17	        0   3	1	0	32	1.05	0.95
40  43          17	        0   3	1	0	32	1.05	0.95
41  1           1	        0   3	1	0	32	1.05	0.95
42	0	        0	        0   3	1	0	32	1.05	0.95
43	6           4           0   3	1	0	32	1.05	0.95
44	0           0	        0	3	1	0	32	1.05	0.95
45  39          26          0	3	1	0	32	1.05	0.95
46  39          26          0	3	1	0	32	1.05	0.95
47	0           0	        0	3	1	0	32	1.05	0.95
48  78          65          0   3	1	0	32	1.05	0.95
49  379         271         0   3	1	0	32	1.05	0.95
50  368         263         0   3	1	0	32	1.05	0.95
51	37          26          0   3	1	0	32	1.05	0.95
52	3           3           0	3	1	0	32	1.05	0.95
53	4           3           0	3	1	0	32	1.05	0.95
54	24          18	        0   3   1	0	32	1.05	0.95
55	22          16          0	3	1	0	32	1.05	0.95
56	0	        0	        0   3	1	0	32	1.05	0.95
57	0	        0	        0   3	1	0	32	1.05	0.95
58	0	        0	        0   3	1	0	32	1.05	0.95
59  92          66	        0	3	1	0	32	1.05	0.95
60  0           0	        0   3	1	0	32	1.05	0.95
61  1143        816         0   3	1	0	32	1.05	0.95
62  29          21	        0   3	1	0	32	1.05	0.95
63	0	        0	        0   3	1	0	32	1.05	0.95
64  208         149         0   3	1	0	32	1.05	0.95
65  54          39	        0   3	1	0	32	1.05	0.95
66  17          12	        0   3	1	0	32	1.05	0.95
67  17          12	        0	3	1	0	32	1.05	0.95
68  26          18	        0   3	1	0	32	1.05	0.95
69  25          18	        0   3   1	0	32	1.05	0.95
70	81   	    386  	    0	3	1	0	32	1.05	0.95
71	0	        0       	0	3	1	0	32	1.05	0.95
72	0	        0   	    0	3	1	0	32	1.05	0.95
73	0	        0   	    0	3	1	0	32	1.05	0.95
74	0	        0   	    0	3	1	0	32	1.05	0.95
75	0	        0   	    0	3	1	0	32	1.05	0.95
76	0	        0   	    0	3	1	0	32	1.05	0.95
77	0	        0       	0	3	1	0	32	1.05	0.95
78	0   	    0       	0	3	1	0	32	1.05	0.95
79	11  	    53      	0	3	1	0	32	1.05	0.95
80	73  	    35      	0	3	1	0	32	1.05	0.95
81	37  	    18      	0	3	1	0	32	1.05	0.95
82	55  	    18      	0	3	1	0	32	1.05	0.95
83	81  	    18      	0	3	1	0	32	1.05	0.95
84	0	        0       	0	3	1	0	32	1.05	0.95
85	0	        0    	    0	3	1	0	32	1.05	0.95
86	0	        0    	    0	3	1	0	32	1.05	0.95
87	0	        0   	    0	3	1	0	32	1.05	0.95
88	0	        0    	    0	3	1	0	32	1.05	0.95
89	0	        0	        0	3	1	0	32	1.05	0.95
90	0	        0   	    0	3	1	0	32	1.05	0.95
91	0	        0     	    0	3	1	0	32	1.05	0.95
92	0	        0     	    0	3	1	0	32	1.05	0.95
93	0	        0    	    0	3	1	0	32	1.05	0.95
94	0	        0	        0	3	1	0	32	1.05	0.95
95	0	        0    	    0	3	1	0	32	1.05	0.95
96	0	        0	        0	3	1	0	32	1.05	0.95
97	0	        0    	    0	3	1	0	32	1.05	0.95
98	0	        0	        0	3	1	0	32	1.05	0.95
99	0	        0   	    0	3	1	0	32	1.05	0.95
100	0	        0   	    0	3	1	0	32	1.05	0.95
101	0	        0   	    0	3	1	0	32	1.05	0.95
102	0	        0    	    0	3	1	0	32	1.05	0.95
103	0	        0   	    0	3	1	0	32	1.05	0.95
104	0	        0   	    0	3	1	0	32	1.05	0.95
105	0	        0   	    0	3	1	0	32	1.05	0.95
106	0	        0	        0	3	1	0	32	1.05	0.95
107	66	        97      	0	3	1	0	32	1.05	0.95
108	70    	    33      	0	3	1	0	32	1.05	0.95
109	35   	    17      	0	3	1	0	32	1.05	0.95
110	70  	    17   	    0	3	1	0	32	1.05	0.95
111	35	        17      	0	3	1	0	32	1.05	0.95
112	205  	    98      	0	3	1	0	32	1.05	0.95
113	137  	    65      	0	3	1	0	32	1.05	0.95
114	34   	    16      	0	3	1	0	32	1.05	0.95
115	69  	    16      	0	3	1	0	32	1.05	0.95
116	103	        49      	0	3	1	0	32	1.05	0.95
117	68	        33	        0	3	1	0	32	1.05	0.95
118	116	        55   	    0	3	1	0	32	1.05	0.95
119	112	        16      	0	3	1	0	32	1.05	0.95
120	282  	    52      	0	3	1	0	32	1.05	0.95
121	38  	    17      	0	3	1	0	32	1.05	0.95
122	31  	    60      	0	3	1	0	32	1.05	0.95
123	17  	    81  	    0	3	1	0	32	1.05	0.95
124	34    	    16      	0	3	1	0	32	1.05	0.95
125	51  	    16      	0	3	1	0	32	1.05	0.95
126	72	        34      	0	3	1	0	32	1.05	0.95
127	68      	33  	    0	3	1	0	32	1.05	0.95
128	70	        30  	    0	3	1	0	32	1.05	0.95
129	41  	    21      	0	3	1	0	32	1.05	0.95
130	27	        43      	0	3	1	0	32	1.05	0.95
131	17   	    81      	0	3	1	0	32	1.05	0.95
132	61  	    81      	0	3	1	0	32	1.05	0.95
133	34  	    16      	0	3	1	0	32	1.05	0.95
134	102 	    49      	0	3	1	0	32	1.05	0.95
135	170 	    81  	    0	3	1	0	32	1.05	0.95
136	409  	    22  	    0	3	1	0	32	1.05	0.95
137	201 	    5   	    0	3	1	0	32	1.05	0.95
138	33 	        73  	    0	3	1	0	32	1.05	0.95
139	70  	    16  	    0	3	1	0	32	1.05	0.95
140	0	        0	        0	3	1	0	32	1.05	0.95
141	0	        0  	        0	3	1	0	32	1.05	0.95
142 0           0  	        0	3	1	0	32	1.05	0.95
143	0	        0   	    0	3	1	0	32	1.05	0.95
144	0           0	        0	3	1	0	32	1.05	0.95
145	0	        0         	0	3	1	0	32	1.05	0.95
146	0	        0        	0	3	1	0	32	1.05	0.95
147	0	        0	        0	3	1	0	32	1.05	0.95
148	0	        0	        0	3	1	0	32	1.05	0.95
149	0	        0	        0	3	1	0	32	1.05	0.95
150	0	        0	        0	3	1	0	32	1.05	0.95
151	34	        16	        0	3	1	0	32	1.05	0.95
152	85	        33	        0	3	1	0	32	1.05	0.95
153	68  	    33	        0	3	1	0	32	1.05	0.95
154	34   	    16      	0	3	1	0	32	1.05	0.95
155	86	        16   	    0	3	1	0	32	1.05	0.95
156	34	        16   	    0	3	1	0	32	1.05	0.95
157	68   	    32  	    0	3	1	0	32	1.05	0.95];


%% Line Data
%   f	t	r(ohm)	x(ohm)	Status	Ratio	RateA
branch=[
1	2	0.015	0.011	1	0	9990
2	3	0.056	0.054	1	0	9990
3	4	0.107	0.105	1	0	9990
4	5	1.78	1.033	1	0	9990
5	6	1.78	1.034	1	0	9990
6	7	0.2 	0.1 	1	0	9990
7	8	0.05 	0.007	1	0	9990
8	9	0.1 	0.1 	1	0	9990
9	10	0.006	0.015	1	0	9990
10	11	0.15 	0.1 	1	0	9990
11	12	0.006 	0.002	1	0	9990
12	13	0.001	0.001	1	0	9990
13	14	1.41	1.36	1	0	9990
14	15	0.29	0.18	1	0	9990
15	16	0.19	0.18	1	0	9990
16	17	1.01	0.97	1	0	9990
17	18	0.8 	0.6 	1	0	9990
18	19	0.005	0.005	1	0	9990
19	20	0.005	0.005	1	0	9990
20	21	0.005	0.008	1	0	9990
21	22	0.005	0.005	1	0	9990
22	23	0.005	0.005	1	0	9990
23	24	0.005	0.003	1	0	9990
24	25	0.007	0.007	1	0	9990
25	26	0.05	0.005	1	0	9990
26	27	0.006	0.002	1	0	9990
27	28	0.32	0.1 	1	0	9990
28	29	0.37	0.1	    1	0	9990
29	30	0.003	0.001	1	0	9990
30	31	0.12	0.47	1	0	9990
30	32	0.01	0.012	1	0	9990
2	33	0.018	0.01	1	0	9990
3	34	0.01	0.009	1	0	9990
4	35	0.03	0.012	1	0	9990
35	36	3.29	1.20	1	0	9990
36	37	0.29	0.10	1	0	9990
37	38	0.88	0.32	1	0	9990
38	39	0.14	0.05	1	0	9990
39	40	0.76	0.27	1	0	9990
40	41	0.03	0.01	1	0	9990
40	42	0.86	0.31	1	0	9990
35	43	0.04	0.01	1	0	9990
36	44	0.61	0.22	1	0	9990
44	45	0.04	0.01	1	0	9990
44	46	0.71	0.26	1	0	9990
37	47	1.01	0.37	1	0	9990
38	48	0.84	0.30	1	0	9990
39	49	0.04	0.01	1	0	9990
5	50	0.01	0.005	1	0	9990
6	51	0.36	0.13	1	0	9990
51	52	0.037	0.013	1	0	9990
51	53	0.71	0.26	1	0	9990
7	54	0.40	0.14	1	0	9990
8	55	0.38	0.14	1	0	9990
55	56	0.06	0.02	1	0	9990
9	57	0.03	0.01	1	0	9990
57	58	0.08	0.03	1	0	9990
57	59	0.04	0.01	1	0	9990
10	60	0.02	0.01	1	0	9990
60	61	0.13	0.05	1	0	9990
61	62	0.51	0.18	1	0	9990
62	63	0.63	0.23	1	0	9990
60	64	1.31	0.47	1	0	9990
64	65	0.34	0.12	1	0	9990
65	66	1.08	0.39	1	0	9990
65	67	0.34	0.12	1	0	9990
64	68	0.45	0.16	1	0	9990
14	69	0.04	0.01	1	0	9990
15	70	0.01	0.01	1	0	9990
70	71	0.05	0.05	1	0	9990
71	72	0.28	0.28	1	0	9990
72	73	0.27	0.27	1	0	9990
73	74	0.21	0.21	1	0	9990
74	75	0.04	0.04	1	0	9990
75	76	0.04	0.04	1	0	9990
76	77	0.20	0.07	1	0	9990
77	78	0.32	0.11	1	0	9990
70	79	0.01	0.01	1	0	9990
79	80	0.50	0.18	1	0	9990
80	81	0.76	0.27	1	0	9990
81	82	0.34	0.12	1	0	9990
80	83	0.03	0.01	1	0	9990
73	84	0.01	0.007	1	0	9990
74	85	0.02	0.007	1	0	9990
75	86	0.03	0.01	1	0	9990
86	87	0.90	0.32	1	0	9990
87	88	0.01	0.007	1	0	9990
86	89	0.06	0.02	1	0	9990
76	90	0.45	0.44	1	0	9990
90	91	0.29	0.28	1	0	9990
91	92	0.02	0.01	1	0	9990
92	93	1.44	0.52	1	0	9990
93	94	0.26	0.09	1	0	9990
94	95	0.65	0.24	1	0	9990
90	96	0.02	0.009	1	0	9990
96	97	1.18	0.43	1	0	9990
97	98	0.59	0.21	1	0	9990
98	99	0.24	0.08	1	0	9990
99	100	1.05	0.38	1	0	9990
98	101	0.44	0.43	1	0	9990
92	102	0.02	0.01	1	0	9990
102	103	0.53	0.19	1	0	9990
102	104	0.52	0.19	1	0	9990
93	105	0.05	0.01	1	0	9990
94	106	1.63	0.59	1	0	9990
17	107	0.25	0.09	1	0	9990
107	108	0.58	0.21	1	0	9990
108	109	0.19	0.07	1	0	9990
107	110	0.11	0.04	1	0	9990
108	111	0.15	0.05	1	0	9990
18	112	0.01	0.01	1	0	9990
112	113	0.04	0.04	1	0	9990
113	114	0.04	0.01	1	0	9990
112	115	0.29	0.10	1	0	9990
113	116	0.01	0.01	1	0	9990
116	117	0.22	0.21	1	0	9990
20	118	0.02	0.01	1	0	9990
118	119	0.06	0.02	1	0	9990
119	120	0.11	0.04	1	0	9990
120	121	0.004	0.001	1	0	9990
121	122	0.10	0.03	1	0	9990
122	123	0.03	0.01	1	0	9990
118	124	0.10	0.03	1	0	9990
119	125	0.023	0.008	1	0	9990
120	126	0.028	0.01	1	0	9990
126	127	0.13	0.05	1	0	9990
127	128	0.04	0.01	1	0	9990
128	129	0.03	0.01	1	0	9990
129	130	0.04	0.01	1	0	9990
130	131	0.10	0.03	1	0	9990
127	132	0.09	0.03	1	0	9990
127	133	0.023	0.008	1	0	9990
128	134	0.17	0.06	1	0	9990
129	135	0.12	0.04	1	0	9990
21	136	0.008	0.008	1	0	9990
136	137	0.16	0.15	1	0	9990
137	138	18.28	17.93	1	0	9990
138	139	0.01	0.01	1	0	9990
139	140	17.60	6.57	1	0	9990
140	141	0.12	0.04	1	0	9990
136	142	0.0009	0.0003	1	0	9990
137	143	0.08	0.03	1	0	9990
139	144	0.03	0.012	1	0	9990
144	145	0.22	0.08	1	0	9990
145	146	0.22	0.08	1	0	9990
144	147	0.07	0.028	1	0	9990
140	148	0.21	0.07	1	0	9990
141	149	0.16	0.05	1	0	9990
141	150	0.03	0.01	1	0	9990
23	151	0.01	0.004	1	0	9990
24	152	0.004	0.004	1	0	9990
25	153	0.004	0.004	1	0	9990
26	154	0.004	0.004	1	0	9990
27	155	0.01	0.007	1	0	9990
28	156	0.04	0.01	1	0	9990
29	157	0.11	0.04	1	0	9990];